9999993
19999993
29999993
738899986
49999993
611499986
572999986
79999993
420399986
400799986
381199986
431755909
129999993
101899986
113799986
125699986
59291035
149499986
907684972
861869972
209999993
592299923
654599923
716899923
663347161
841499923
869645098
629790098
28399986
679092035
556984035
434876035
579839446
339999993
764199860
908399860
52599923
894938413
340999923
57830350
502660287
773599923
302168161
19536161
736904098
285920582
494599986
709397846
880995846
52593909
754976731
395789909
568818085
908165722
549999993
426499797
702999797
979499797
730585854
532499860
207975665
143450602
361999923
924060287
382120287
840180224
888051580
744499986
117534783
446569783
775604783
889397165
433674846
697491013
430706200
956500112
27093901
749688964
472284090
891550101
917474279
945688415
313697287
85259657
26895949
650609497
274323108
332561671
889999993
260699671
751399671
242099734
797824547
223499797
546306169
657111043
695599860
169028602
207256539
245484476
196263777
149100049
540232594
124165657
708098657
59411267
875964720
620104343
371962167
74700301
534159019
591220208
648281397
840447188
762403775
893487591
123802048
933587342
473048227
481208289
489368351
392723383
453800679
899289436
975183877
51078381
484630662
202867263
337735432
95541831
430550586
117392587
248639465
379886343
10123842
810022791
750154449
170468876
590783240
636710484
431412031
561905154
143694777
440000056
757199419
594399482
431599545
700710681
105999671
34782051
811561799
617599797
35889043
394976917
754064791
106606972
803600049
371067342
367335405
363603468
363845740
356139594
671390601
835758549
501200490
707352633
923108948
138865326
375427794
570377956
926692133
846030273
217646964
253588736
30706346
807823893
784161428
384801183
378816286
451241042
523665798
644248616
668515310
841557154
362721856
885789578
137520024
475567472
813614920
17272632
247913421
630791369
996976811
363162316
846655848
95533263
21453075
711638991
966002254
386565230
535146679
683728128
924651492
980891026
11723770
889685100
426635436
642332061
271112426
899892728
547682927
169542744
360012630
906824531
453636495
60335341
547260360
113951280
58725332
358194399
708301490
923963962
139626497
80579153
570951441
773039043
542738488
217938920
811728941
149030511
486332018
82064845
330000119
87899104
485799167
883699230
670835508
679499419
861588374
479673059
873199671
147717736
407833547
667949358
325162301
862700112
624599901
288101027
951602090
838294252
278604342
645290189
240810961
45900868
387611428
96528995
805446499
859305424
223281633
907695851
378363322
350034271
480281523
410803132
341324741
235761248
218602002
627505120
785224380
942943640
393448610
258382223
584105099
976885885
731540003
370089864
860960064
351830327
28840674
520136366
346731118
334417050
322102982
768203827
297474846
565085076
212494263
574503829
630410339
282347796
934285190
948602905
238160104
522920009
712960872
193972412
884395602
126598277
368800889
540738155
453659571
820188299
815993847
811799395
778837479
803410491
792274800
208423478
669159038
117456652
919026822
720597055
959796410
323737521
147791852
561746477
728448157
929784889
958707255
987629621
918798860
103106853
873209250
468166597
63123944
37900449
253038575
138144167
47558485
37910553
288509744
842393359
396277037
845715062
12697162
539119039
167118275
795117448
415101511
51115920
874391514
106594594
772355686
940093911
286678065
633262156
526119779
326430401
930638156
146289371
366182737
37415816
638110917
238806081
288805150
506800882
591678141
730962708
870247275
206524496
148816472
772038965
585793360
566670173
120310763
207312989
294315215
275211945
263093071
34097030
909845620
785594273
725764120
537091579
368726403
497094111
770000182
915098474
220198663
525298789
543846469
135499104
176870642
302235075
50799545
126406870
608410555
90414303
454060825
576300238
708967208
452036397
195105586
617177300
681243901
670476035
109659755
17101435
241063837
601837719
962611601
878163660
684159428
921904111
632924596
766481137
487514819
340397975
193281131
78799113
983403262
355720804
595264883
834808962
302266558
313897183
830474766
858230002
32529483
622787141
473280726
323774311
47557506
230249941
943307724
498365224
53422724
899697170
163537661
568264998
281293749
390506349
2474400
738493369
474512401
987355753
946550402
990473497
606800312
154607498
995150113
72552901
149955626
304782583
834702532
2944536
848807111
694669749
64953416
386395025
788663486
282092399
722854662
15415512
90813973
166212434
281226711
317009356
540650241
300366163
543204739
929785536
662004560
394223584
328795591
763911263
763884900
875149019
986413138
96547909
208941439
59042946
580676028
542733796
502785470
804707764
106630121
530766053
99054454
909023031
511427366
113831701
284892001
318640308
50261107
331004496
989167406
759003179
442178704
125354229
491493480
491705216
27837575
497611851
541231728
832353623
453329657
74305691
436672691
435601079
15220951
79649644
144078337
452220907
272935723
491399304
893348795
466221802
50166931
363886665
677606399
673646924
788365267
648112892
814783031
981453170
448142885
314793511
104765202
413085107
544419264
172049059
155033218
138017377
890829197
103985695
287611063
303122054
52938172
382783799
136134865
889485868
13974663
967858904
874738338
524489508
174240678
670086769
473742955
532257153
380715243
831732176
461865676
745856962
29848311
919866189
597830883
21817034
228450501
449804804
174743207
498120231
821497255
317062136
610526243
540947553
355579122
170210691
825757778
799473766
567351754
731020248
243368473
179742718
63064873
946386965
621514614
316526255
533727595
283139164
32550733
122651810
531373808
695148586
109914143
253193582
207156768
186668736
166180704
981428787
125204640
602446355
81325316
63740544
33972707
514129222
994285737
36399454
961300321
86516564
902135753
717755005
477900300
348993509
866911153
176777121
797396065
570586710
722946253
875305796
384301704
180024945
303241009
866656696
637103574
681649935
823025203
964400471
566768577
100000371
72997592
845997781
618998033
386982257
164998537
318959233
792908288
483999230
216924697
821844193
426763752
801514678
349000427
46867137
536737389
26607704
870508860
6348271
669561469
383560898
533002317
774774978
280566490
786357939
380899589
797940900
917116089
419818919
315315373
721440902
650089604
578738306
373436735
582005404
332625322
739288724
145952189
960284437
959278993
819392378
353738211
179269325
108054321
470993980
833933639
77842380
212586461
255824142
999753574
743683069
952738492
231542059
115076984
850948444
815010381
618383507
941840059
265296674
50060077
912209778
969223287
323915524
882579497
347968228
873993313
400018461
61882239
499862383
645876379
790789691
935703003
69571491
225529690
463375755
505459466
87514988
322529471
257663921
192798371
481874269
63067271
308261439
57993838
868470558
47842194
174978672
302115150
575526337
97018508
461992036
603113691
744235346
719220502
26478719
21330548
228012129
449843684
974495491
97897085
221298616
750327680
155452022
229770543
547705303
865640063
115872444
501509646
265383337
41334448
284425325
438210538
867398477
296586479
900743953
154962420
212889309
510515621
442526300
181107280
459898849
738690418
474541711
119006966
901925522
636899932
371874342
51160289
841823099
627586482
147935098
46746329
992225803
311676035
631126204
19725826
721618253
933291380
917910909
902530438
630880708
871769496
406827935
916042720
612031549
591358750
466938658
342518566
478156567
93678382
223268655
102286047
720418043
840936724
724800127
608663530
422813043
98317583
203716944
95657032
987597057
279006333
771477233
415689690
231720389
102956784
184165233
89028017
993890738
48915597
803616306
940963749
507242081
518204658
279036103
185505064
91974025
664125382
485495462
527393679
453255844
379118009
675018088
230842339
919534150
454964862
8428834
286308306
631618450
976928594
716964419
637739596
897598461
259374472
621150420
243271560
344702379
594245670
601408182
872673341
851070414
810854656
770638898
71029906
690207382
423378673
678209335
569560108
451901855
890724718
329547644
340781354
368481318
832773804
244917086
657060305
864525539
481346806
993820590
357069137
46755254
242168998
811624774
381080613
702516298
519992228
967649238
575244387
228359682
365348711
329215322
293081933
463067940
409052717
564333993
992037194
419740458
906253057
275146923
477313960
880656507
558256589
333905283
575606941
817308599
783743847
696772720
761557446
400524310
39491174
488441175
317424839
368003625
957981249
118398580
45800995
920392050
794983168
615956862
544165404
573666122
956490324
167938758
510230012
196031456
881832837
752724427
678540508
757696644
265177222
772657737
448169877
787618830
282867719
79067626
310060501
34914482
240252597
445590712
281586968
847463202
621659024
175560903
729462719
543322153
837266414
806612556
474090451
660308296
753835842
129830134
505824363
407898579
257812884
197731813
200153940
385795634
882481601
465532892
48584183
520518702
265766905
357064686
574497833
791930980
755399292
226797337
925300814
438183176
273720926
516397559
948841726
381285956
131208299
246174353
961869212
646959084
543506917
707860676
220270086
732679433
662831676
202218075
461870752
339268155
216665558
199840296
971460301
821797441
443817493
603652510
254733253
735034328
215335466
288312977
990639462
309626210
553729095
797831980
717809922
286037813
307938997
618142811
9818686
797454916
663640697
529826478
405005097
262198040
729798334
294983137
860755320
716988221
459264123
201540025
966189899
415984799
340176642
592247066
844317490
521697217
348458401
790319796
19848651
104669736
693253696
119195670
545137581
337473369
365021919
864810175
284774035
704737832
830819675
544665489
420480590
653619855
870000560
58096080
206196458
354296836
103129006
650497592
776330029
106143580
94798789
286131658
235854902
185578146
277867118
835300679
